1714218831271 100.79607196630312 0
1714218832231 100.79607196462416 0
1714218836457 100.79607196462416 0
1714218837410 100.79607196462416 0
1714218838357 100.79607196462416 0
1714218839314 100.79607196462416 0
1714218840289 100.79607196462416 0
1714218841281 100.79607196462416 0
1714218842242 100.79607196462416 0
1714218843194 100.79607196462416 0
1714218844492 103.43749511898886 0
1714218845416 103.43749512804848 0
1714218846371 103.43749512804848 0
1714218847326 103.43749512804848 0
1714218848315 103.43749512804848 0
1714218849424 103.43749512804848 0
1714218850397 103.43749512804848 0
1714218851392 103.43749512804848 0
1714218852322 103.43749512804848 0
1714218853276 103.43749512804848 0
1714218854226 105.89040785325415 0
1714218855208 105.89040785430345 0
1714218856295 105.89040785430345 0
1714218857369 105.89040785430345 0
1714218858367 105.89040785430345 0
1714218859339 105.89040785430345 0
1714218860337 105.89040785430345 0
1714218861310 105.89040785430345 0
1714218862336 105.89040785430345 0
1714218863324 105.89040785430345 0
1714218864269 128.74780427260038 0
1714218865205 128.74780426988718 0
1714218866204 128.74780426988718 0
1714218867255 128.74780426988718 0
1714218868224 128.74780426988718 0
1714218869224 128.74780426988718 0
1714218870207 128.74780426988718 0
1714218871155 128.74780426988718 0
1714218872052 128.74780426988718 0
1714218873062 128.74780426988718 0
