1714218831271 112.00565101960036 0
1714218832231 112.00565101792141 0
1714218836457 112.00565101792141 0
1714218837410 112.00565101792141 0
1714218838357 112.00565101792141 0
1714218839314 112.00565101792141 0
1714218840289 112.00565101792141 0
1714218841281 112.00565101792141 0
1714218842242 112.00565101792141 0
1714218843194 112.00565101792141 0
1714218844492 114.90939275487003 0
1714218845416 114.90939276392965 0
1714218846371 114.90939276392965 0
1714218847326 114.90939276392965 0
1714218848315 114.90939276392965 0
1714218849424 114.90939276392965 0
1714218850397 114.90939276392965 0
1714218851392 114.90939276392965 0
1714218852322 114.90939276392965 0
1714218853276 114.90939276392965 0
1714218854226 117.61629507565196 0
1714218855208 117.61629507670126 0
1714218856295 117.61629507670126 0
1714218857369 117.61629507670126 0
1714218858367 117.61629507670126 0
1714218859339 117.61629507670126 0
1714218860337 117.61629507670126 0
1714218861310 117.61629507670126 0
1714218862336 117.61629507670126 0
1714218863324 117.61629507670126 0
1714218864269 141.84849355041143 0
1714218865205 141.84849354769827 0
1714218866204 141.84849354769827 0
1714218867255 141.84849354769827 0
1714218868224 141.84849354769827 0
1714218869224 141.84849354769827 0
1714218870207 141.84849354769827 0
1714218871155 141.84849354769827 0
1714218872052 141.84849354769827 0
1714218873062 141.84849354769827 0
