1714218831271 2079.968 0
1714218832231 2079.968 0
1714218836457 2079.968 0
1714218837410 2079.968 0
1714218838357 2079.968 0
1714218839314 2079.968 0
1714218840289 2079.968 0
1714218841281 2079.968 0
1714218842242 2079.968 0
1714218843194 2079.968 0
1714218844492 2144.7219354838703 0
1714218845416 2144.7219354838703 0
1714218846371 2144.7219354838703 0
1714218847326 2144.7219354838703 0
1714218848315 2144.7219354838703 0
1714218849424 2144.7219354838703 0
1714218850397 2144.7219354838703 0
1714218851392 2144.7219354838703 0
1714218852322 2144.7219354838703 0
1714218853276 2144.7219354838703 0
1714218854226 2205.42875 0
1714218855208 2205.42875 0
1714218856295 2205.42875 0
1714218857369 2205.42875 0
1714218858367 2205.42875 0
1714218859339 2205.42875 0
1714218860337 2205.42875 0
1714218861310 2205.42875 0
1714218862336 2205.42875 0
1714218863324 2205.42875 0
1714218864269 2707.658947368421 0
1714218865205 2707.658947368421 0
1714218866204 2707.658947368421 0
1714218867255 2707.658947368421 0
1714218868224 2707.658947368421 0
1714218869224 2707.658947368421 0
1714218870207 2707.658947368421 0
1714218871155 2707.658947368421 0
1714218872052 2707.658947368421 0
1714218873062 2707.658947368421 0
