1714218831271 2879310.3553994913 0
1714218832231 1.0498042137964464e+17 0
1714218836457 1.0498042137964464e+17 0
1714218837410 1.0498042137964464e+17 0
1714218838357 1.0498042137964464e+17 0
1714218839314 1.0498042137964464e+17 0
1714218840289 1.0498042137964464e+17 0
1714218841281 1.0498042137964464e+17 0
1714218842242 1.0498042137964464e+17 0
1714218843194 1.0498042137964464e+17 0
1714218844492 2931500.622656442 0
1714218845416 9.558010840448938e+16 0
1714218846371 9.558010840448938e+16 0
1714218847326 9.558010840448938e+16 0
1714218848315 9.558010840448938e+16 0
1714218849424 9.558010840448938e+16 0
1714218850397 9.558010840448938e+16 0
1714218851392 9.558010840448938e+16 0
1714218852322 9.558010840448938e+16 0
1714218853276 9.558010840448938e+16 0
1714218854226 2982886.856865174 0
1714218855208 1.070353406507833e+17 0
1714218856295 1.070353406507833e+17 0
1714218857369 1.070353406507833e+17 0
1714218858367 1.070353406507833e+17 0
1714218859339 1.070353406507833e+17 0
1714218860337 1.070353406507833e+17 0
1714218861310 1.070353406507833e+17 0
1714218862336 1.070353406507833e+17 0
1714218863324 1.070353406507833e+17 0
1714218864269 3155367.8082490186 0
1714218865205 1.0734958056108859e+17 0
1714218866204 1.0734958056108859e+17 0
1714218867255 1.0734958056108859e+17 0
1714218868224 1.0734958056108859e+17 0
1714218869224 1.0734958056108859e+17 0
1714218870207 1.0734958056108859e+17 0
1714218871155 1.0734958056108859e+17 0
1714218872052 1.0734958056108859e+17 0
1714218873062 1.0734958056108859e+17 0
