1714218831271 7.0 0
1714218832231 7.0 0
1714218836457 7.0 0
1714218837410 7.0 0
1714218838357 7.0 0
1714218839314 7.0 0
1714218840289 7.0 0
1714218841281 7.0 0
1714218842242 7.0 0
1714218843194 7.0 0
1714218844492 7.0 0
1714218845416 7.0 0
1714218846371 7.0 0
1714218847326 7.0 0
1714218848315 7.0 0
1714218849424 7.0 0
1714218850397 7.0 0
1714218851392 7.0 0
1714218852322 7.0 0
1714218853276 7.0 0
1714218854226 7.0 0
1714218855208 7.0 0
1714218856295 7.0 0
1714218857369 7.0 0
1714218858367 7.0 0
1714218859339 7.0 0
1714218860337 7.0 0
1714218861310 7.0 0
1714218862336 7.0 0
1714218863324 7.0 0
1714218864269 7.0 0
1714218865205 7.0 0
1714218866204 7.0 0
1714218867255 7.0 0
1714218868224 7.0 0
1714218869224 7.0 0
1714218870207 7.0 0
1714218871155 7.0 0
1714218872052 7.0 0
1714218873062 7.0 0
