1714218831271 22.0 0
1714218832231 22.0 0
1714218836457 22.0 0
1714218837410 22.0 0
1714218838357 22.0 0
1714218839314 22.0 0
1714218840289 22.0 0
1714218841281 22.0 0
1714218842242 22.0 0
1714218843194 22.0 0
1714218844492 23.0 0
1714218845416 23.0 0
1714218846371 23.0 0
1714218847326 23.0 0
1714218848315 23.0 0
1714218849424 23.0 0
1714218850397 23.0 0
1714218851392 23.0 0
1714218852322 23.0 0
1714218853276 23.0 0
1714218854226 24.0 0
1714218855208 24.0 0
1714218856295 24.0 0
1714218857369 24.0 0
1714218858367 24.0 0
1714218859339 24.0 0
1714218860337 24.0 0
1714218861310 24.0 0
1714218862336 24.0 0
1714218863324 24.0 0
1714218864269 30.0 0
1714218865205 30.0 0
1714218866204 30.0 0
1714218867255 30.0 0
1714218868224 30.0 0
1714218869224 30.0 0
1714218870207 30.0 0
1714218871155 30.0 0
1714218872052 30.0 0
1714218873062 30.0 0
