1714218831271 2050.3063179113665 0
1714218832231 2050.3063179130263 0
1714218836457 2050.3063179130263 0
1714218837410 2050.3063179130263 0
1714218838357 2050.3063179130263 0
1714218839314 2050.3063179130263 0
1714218840289 2050.3063179130263 0
1714218841281 2050.3063179130263 0
1714218842242 2050.3063179130263 0
1714218843194 2050.3063179130263 0
1714218844492 2114.2540103058036 0
1714218845416 2114.254010296899 0
1714218846371 2114.254010296899 0
1714218847326 2114.254010296899 0
1714218848315 2114.254010296899 0
1714218849424 2114.254010296899 0
1714218850397 2114.254010296899 0
1714218851392 2114.254010296899 0
1714218852322 2114.254010296899 0
1714218853276 2114.254010296899 0
1714218854226 2174.3372620674486 0
1714218855208 2174.337262066429 0
1714218856295 2174.337262066429 0
1714218857369 2174.337262066429 0
1714218858367 2174.337262066429 0
1714218859339 2174.337262066429 0
1714218860337 2174.337262066429 0
1714218861310 2174.337262066429 0
1714218862336 2174.337262066429 0
1714218863324 2174.337262066429 0
1714218864269 2664.419354626597 0
1714218865205 2664.419354629684 0
1714218866204 2664.419354629684 0
1714218867255 2664.419354629684 0
1714218868224 2664.419354629684 0
1714218869224 2664.419354629684 0
1714218870207 2664.419354629684 0
1714218871155 2664.419354629684 0
1714218872052 2664.419354629684 0
1714218873062 2664.419354629684 0
