1714218831271 8.35565194687226e-19 0
1714218832231 8.3556519417438375e-19 0
1714218836457 8.3556519417438375e-19 0
1714218837410 8.3556519417438375e-19 0
1714218838357 8.3556519417438375e-19 0
1714218839314 8.3556519417438375e-19 0
1714218840289 8.3556519417438375e-19 0
1714218841281 8.3556519417438375e-19 0
1714218842242 8.3556519417438375e-19 0
1714218843194 8.3556519417438375e-19 0
1714218844492 1.0513623414485366e-19 0
1714218845416 1.0513623449718106e-19 0
1714218846371 1.0513623449718106e-19 0
1714218847326 1.0513623449718106e-19 0
1714218848315 1.0513623449718106e-19 0
1714218849424 1.0513623449718106e-19 0
1714218850397 1.0513623449718106e-19 0
1714218851392 1.0513623449718106e-19 0
1714218852322 1.0513623449718106e-19 0
1714218853276 1.0513623449718106e-19 0
1714218854226 1.2545361575521044e-20 0
1714218855208 1.2545361580443762e-20 0
1714218856295 1.2545361580443762e-20 0
1714218857369 1.2545361580443762e-20 0
1714218858367 1.2545361580443762e-20 0
1714218859339 1.2545361580443762e-20 0
1714218860337 1.2545361580443762e-20 0
1714218861310 1.2545361580443762e-20 0
1714218862336 1.2545361580443762e-20 0
1714218863324 1.2545361580443762e-20 0
1714218864269 3.720068100805524e-25 0
1714218865205 3.720068096831446e-25 0
1714218866204 3.720068096831446e-25 0
1714218867255 3.720068096831446e-25 0
1714218868224 3.720068096831446e-25 0
1714218869224 3.720068096831446e-25 0
1714218870207 3.720068096831446e-25 0
1714218871155 3.720068096831446e-25 0
1714218872052 3.720068096831446e-25 0
1714218873062 3.720068096831446e-25 0
