1714218831271 217.24391209634572 0
1714218832231 217.24391210867978 0
1714218836457 217.24391210867978 0
1714218837410 217.24391210867978 0
1714218838357 217.24391210867978 0
1714218839314 217.24391210867978 0
1714218840289 217.24391210867978 0
1714218841281 217.24391210867978 0
1714218842242 217.24391210867978 0
1714218843194 217.24391210867978 0
1714218844492 228.00484656209406 0
1714218845416 228.00484649450038 0
1714218846371 228.00484649450038 0
1714218847326 228.00484649450038 0
1714218848315 228.00484649450038 0
1714218849424 228.00484649450038 0
1714218850397 228.00484649450038 0
1714218851392 228.00484649450038 0
1714218852322 228.00484649450038 0
1714218853276 228.00484649450038 0
1714218854226 239.77207617000946 0
1714218855208 239.77207616203498 0
1714218856295 239.77207616203498 0
1714218857369 239.77207616203498 0
1714218858367 239.77207616203498 0
1714218859339 239.77207616203498 0
1714218860337 239.77207616203498 0
1714218861310 239.77207616203498 0
1714218862336 239.77207616203498 0
1714218863324 239.77207616203498 0
1714218864269 264.0852831208954 0
1714218865205 264.085283140057 0
1714218866204 264.085283140057 0
1714218867255 264.085283140057 0
1714218868224 264.085283140057 0
1714218869224 264.085283140057 0
1714218870207 264.085283140057 0
1714218871155 264.085283140057 0
1714218872052 264.085283140057 0
1714218873062 264.085283140057 0
