1714218831271 -42.39803598315156 0
1714218832231 -42.39803598231208 0
1714218836457 -42.39803598231208 0
1714218837410 -42.39803598231208 0
1714218838357 -42.39803598231208 0
1714218839314 -42.39803598231208 0
1714218840289 -42.39803598231208 0
1714218841281 -42.39803598231208 0
1714218842242 -42.39803598231208 0
1714218843194 -42.39803598231208 0
1714218844492 -43.71874755949443 0
1714218845416 -43.71874756402424 0
1714218846371 -43.71874756402424 0
1714218847326 -43.71874756402424 0
1714218848315 -43.71874756402424 0
1714218849424 -43.71874756402424 0
1714218850397 -43.71874756402424 0
1714218851392 -43.71874756402424 0
1714218852322 -43.71874756402424 0
1714218853276 -43.71874756402424 0
1714218854226 -44.94520392662707 0
1714218855208 -44.945203927151724 0
1714218856295 -44.945203927151724 0
1714218857369 -44.945203927151724 0
1714218858367 -44.945203927151724 0
1714218859339 -44.945203927151724 0
1714218860337 -44.945203927151724 0
1714218861310 -44.945203927151724 0
1714218862336 -44.945203927151724 0
1714218863324 -44.945203927151724 0
1714218864269 -56.37390213630018 0
1714218865205 -56.37390213494359 0
1714218866204 -56.37390213494359 0
1714218867255 -56.37390213494359 0
1714218868224 -56.37390213494359 0
1714218869224 -56.37390213494359 0
1714218870207 -56.37390213494359 0
1714218871155 -56.37390213494359 0
1714218872052 -56.37390213494359 0
1714218873062 -56.37390213494359 0
