1714218831271 292.90090255876663 0
1714218832231 292.9009025590038 0
1714218836457 292.9009025590038 0
1714218837410 292.9009025590038 0
1714218838357 292.9009025590038 0
1714218839314 292.9009025590038 0
1714218840289 292.9009025590038 0
1714218841281 292.9009025590038 0
1714218842242 292.9009025590038 0
1714218843194 292.9009025590038 0
1714218844492 302.03628718654335 0
1714218845416 302.0362871852713 0
1714218846371 302.0362871852713 0
1714218847326 302.0362871852713 0
1714218848315 302.0362871852713 0
1714218849424 302.0362871852713 0
1714218850397 302.0362871852713 0
1714218851392 302.0362871852713 0
1714218852322 302.0362871852713 0
1714218853276 302.0362871852713 0
1714218854226 310.6196088667784 0
1714218855208 310.61960886663275 0
1714218856295 310.61960886663275 0
1714218857369 310.61960886663275 0
1714218858367 310.61960886663275 0
1714218859339 310.61960886663275 0
1714218860337 310.61960886663275 0
1714218861310 310.61960886663275 0
1714218862336 310.61960886663275 0
1714218863324 310.61960886663275 0
1714218864269 380.63133637522816 0
1714218865205 380.63133637566915 0
1714218866204 380.63133637566915 0
1714218867255 380.63133637566915 0
1714218868224 380.63133637566915 0
1714218869224 380.63133637566915 0
1714218870207 380.63133637566915 0
1714218871155 380.63133637566915 0
1714218872052 380.63133637566915 0
1714218873062 380.63133637566915 0
