1714218831271 71.72303448275862 0
1714218832231 71.72303448275862 0
1714218836457 71.72303448275862 0
1714218837410 71.72303448275862 0
1714218838357 71.72303448275862 0
1714218839314 71.72303448275862 0
1714218840289 71.72303448275862 0
1714218841281 71.72303448275862 0
1714218842242 71.72303448275862 0
1714218843194 71.72303448275862 0
1714218844492 71.49073118279567 0
1714218845416 71.49073118279567 0
1714218846371 71.49073118279567 0
1714218847326 71.49073118279567 0
1714218848315 71.49073118279567 0
1714218849424 71.49073118279567 0
1714218850397 71.49073118279567 0
1714218851392 71.49073118279567 0
1714218852322 71.49073118279567 0
1714218853276 71.49073118279567 0
1714218854226 71.1428629032258 0
1714218855208 71.1428629032258 0
1714218856295 71.1428629032258 0
1714218857369 71.1428629032258 0
1714218858367 71.1428629032258 0
1714218859339 71.1428629032258 0
1714218860337 71.1428629032258 0
1714218861310 71.1428629032258 0
1714218862336 71.1428629032258 0
1714218863324 71.1428629032258 0
1714218864269 73.17997155049787 0
1714218865205 73.17997155049787 0
1714218866204 73.17997155049787 0
1714218867255 73.17997155049787 0
1714218868224 73.17997155049787 0
1714218869224 73.17997155049787 0
1714218870207 73.17997155049787 0
1714218871155 73.17997155049787 0
1714218872052 73.17997155049787 0
1714218873062 73.17997155049787 0
