1714218831271 1.3482582767560718 0
1714218832231 1.348258276680616 0
1714218836457 1.348258276680616 0
1714218837410 1.348258276680616 0
1714218838357 1.348258276680616 0
1714218839314 1.348258276680616 0
1714218840289 1.348258276680616 0
1714218841281 1.348258276680616 0
1714218842242 1.348258276680616 0
1714218843194 1.348258276680616 0
1714218844492 1.3246923990463852 0
1714218845416 1.324692399433521 0
1714218846371 1.324692399433521 0
1714218847326 1.324692399433521 0
1714218848315 1.324692399433521 0
1714218849424 1.324692399433521 0
1714218850397 1.324692399433521 0
1714218851392 1.324692399433521 0
1714218852322 1.324692399433521 0
1714218853276 1.324692399433521 0
1714218854226 1.2954786638563147 0
1714218855208 1.2954786638987932 0
1714218856295 1.2954786638987932 0
1714218857369 1.2954786638987932 0
1714218858367 1.2954786638987932 0
1714218859339 1.2954786638987932 0
1714218860337 1.2954786638987932 0
1714218861310 1.2954786638987932 0
1714218862336 1.2954786638987932 0
1714218863324 1.2954786638987932 0
1714218864269 1.441319758060805 0
1714218865205 1.4413197579578951 0
1714218866204 1.4413197579578951 0
1714218867255 1.4413197579578951 0
1714218868224 1.4413197579578951 0
1714218869224 1.4413197579578951 0
1714218870207 1.4413197579578951 0
1714218871155 1.4413197579578951 0
1714218872052 1.4413197579578951 0
1714218873062 1.4413197579578951 0
