1714218831271 0.9857393565244111 0
1714218832231 0.9857393565252093 0
1714218836457 0.9857393565252093 0
1714218837410 0.9857393565252093 0
1714218838357 0.9857393565252093 0
1714218839314 0.9857393565252093 0
1714218840289 0.9857393565252093 0
1714218841281 0.9857393565252093 0
1714218842242 0.9857393565252093 0
1714218843194 0.9857393565252093 0
1714218844492 0.9857939974996371 0
1714218845416 0.9857939974954856 0
1714218846371 0.9857939974954856 0
1714218847326 0.9857939974954856 0
1714218848315 0.9857939974954856 0
1714218849424 0.9857939974954856 0
1714218850397 0.9857939974954856 0
1714218851392 0.9857939974954856 0
1714218852322 0.9857939974954856 0
1714218853276 0.9857939974954856 0
1714218854226 0.9859022931787973 0
1714218855208 0.985902293178335 0
1714218856295 0.985902293178335 0
1714218857369 0.985902293178335 0
1714218858367 0.985902293178335 0
1714218859339 0.985902293178335 0
1714218860337 0.985902293178335 0
1714218861310 0.985902293178335 0
1714218862336 0.985902293178335 0
1714218863324 0.985902293178335 0
1714218864269 0.9840306354742909 0
1714218865205 0.9840306354754311 0
1714218866204 0.9840306354754311 0
1714218867255 0.9840306354754311 0
1714218868224 0.9840306354754311 0
1714218869224 0.9840306354754311 0
1714218870207 0.9840306354754311 0
1714218871155 0.9840306354754311 0
1714218872052 0.9840306354754311 0
1714218873062 0.9840306354754311 0
