1714218831271 29.66168208863358 0
1714218832231 29.661682086973553 0
1714218836457 29.661682086973553 0
1714218837410 29.661682086973553 0
1714218838357 29.661682086973553 0
1714218839314 29.661682086973553 0
1714218840289 29.661682086973553 0
1714218841281 29.661682086973553 0
1714218842242 29.661682086973553 0
1714218843194 29.661682086973553 0
1714218844492 30.46792517806686 0
1714218845416 30.46792518697098 0
1714218846371 30.46792518697098 0
1714218847326 30.46792518697098 0
1714218848315 30.46792518697098 0
1714218849424 30.46792518697098 0
1714218850397 30.46792518697098 0
1714218851392 30.46792518697098 0
1714218852322 30.46792518697098 0
1714218853276 30.46792518697098 0
1714218854226 31.09148793255155 0
1714218855208 31.091487933571038 0
1714218856295 31.091487933571038 0
1714218857369 31.091487933571038 0
1714218858367 31.091487933571038 0
1714218859339 31.091487933571038 0
1714218860337 31.091487933571038 0
1714218861310 31.091487933571038 0
1714218862336 31.091487933571038 0
1714218863324 31.091487933571038 0
1714218864269 43.239592741824154 0
1714218865205 43.23959273873685 0
1714218866204 43.23959273873685 0
1714218867255 43.23959273873685 0
1714218868224 43.23959273873685 0
1714218869224 43.23959273873685 0
1714218870207 43.23959273873685 0
1714218871155 43.23959273873685 0
1714218872052 43.23959273873685 0
1714218873062 43.23959273873685 0
