1714218831271 142929.68 0
1714218832231 142929.68 0
1714218836457 142929.68 0
1714218837410 142929.68 0
1714218838357 142929.68 0
1714218839314 142929.68 0
1714218840289 142929.68 0
1714218841281 142929.68 0
1714218842242 142929.68 0
1714218843194 142929.68 0
1714218844492 148812.57 0
1714218845416 148812.57 0
1714218846371 148812.57 0
1714218847326 148812.57 0
1714218848315 148812.57 0
1714218849424 148812.57 0
1714218850397 148812.57 0
1714218851392 148812.57 0
1714218852322 148812.57 0
1714218853276 148812.57 0
1714218854226 154695.46 0
1714218855208 154695.46 0
1714218856295 154695.46 0
1714218857369 154695.46 0
1714218858367 154695.46 0
1714218859339 154695.46 0
1714218860337 154695.46 0
1714218861310 154695.46 0
1714218862336 154695.46 0
1714218863324 154695.46 0
1714218864269 192085.09999999998 0
1714218865205 192085.09999999998 0
1714218866204 192085.09999999998 0
1714218867255 192085.09999999998 0
1714218868224 192085.09999999998 0
1714218869224 192085.09999999998 0
1714218870207 192085.09999999998 0
1714218871155 192085.09999999998 0
1714218872052 192085.09999999998 0
1714218873062 192085.09999999998 0
